0 0.460004
1 0.460004
2 0.460004
3 0.460004
4 0.460004
5 0.460004
6 0.460004
7 0.460004
8 0.460004
9 0.460004
10 0.460004
11 0.460004
12 0.460004
13 0.460004
14 0.460004
15 0.460004
16 0.460004
17 0.460004
18 0.460004
19 0.460004
20 0.460004
21 0.460004
22 0.460004
23 0.460004
24 0.460004
25 0.460004
26 0.460004
27 0.460004
28 0.460004
29 0.460004
30 0.460004
31 0.460004
32 0.460004
33 0.460004
34 0.460004
35 0.460004
36 0.460004
37 0.460004
38 0.460004
39 0.460004
40 0.460004
41 0.460004
42 0.460004
43 0.460004
44 0.460004
45 0.460004
46 0.460004
47 0.460004
48 0.460004
49 0.460004
50 0.460004
51 0.460004
52 0.460004
53 0.460004
54 0.460004
55 0.460004
56 0.460004
57 0.460004
58 0.460004
59 0.460004
60 0.460004
61 0.460004
62 0.460004
63 0.460004
64 0.460004
65 0.460004
66 0.460004
67 0.460004
68 0.460004
69 0.460004
70 0.460004
71 0.460004
72 0.460004
73 0.460004
74 0.460004
75 0.460004
76 0.460004
77 0.460004
78 0.460004
79 0.460004
80 0.460004
81 0.460004
82 0.460004
83 0.460004
84 0.460004
85 0.460004
86 0.460004
87 0.460004
88 0.460004
89 0.460004
90 0.460004
91 0.460004
92 0.460004
93 0.460004
94 0.460004
95 0.460004
96 0.460004
97 0.460004
98 0.460004
99 0.460004
100 0.460004
101 0.460004
102 0.460004
103 0.460004
104 0.460004
105 0.460004
106 0.460004
107 0.460004
108 0.460004
109 0.460004
110 0.460004
111 0.460004
112 0.460004
113 0.460004
114 0.460004
115 0.460004
116 0.460004
117 0.460004
118 0.460004
119 0.460004
120 0.460004
121 0.460004
122 0.460004
123 0.460004
124 0.460004
125 0.460004
126 0.460004
127 0.460004
128 0.460004
129 0.460004
130 0.460004
131 0.460004
132 0.460004
133 0.460004
134 0.460004
135 0.460004
136 0.460004
137 0.460004
138 0.460004
139 0.460004
140 0.460004
141 0.460004
142 0.460004
143 0.460004
144 0.460004
145 0.460004
146 0.460004
147 0.460004
148 0.460004
149 0.460004
150 0.460004
151 0.460004
152 0.460004
153 0.460004
154 0.460004
155 0.460004
156 0.460004
157 0.460004
158 0.460004
159 0.460004
160 0.460004
161 0.460004
162 0.460004
163 0.460004
164 0.460004
165 0.460004
166 0.460004
167 0.460004
168 0.460004
169 0.460004
170 0.460004
171 0.460004
172 0.460004
173 0.460004
174 0.460004
175 0.460004
176 0.460004
177 0.460004
178 0.460004
179 0.460004
180 0.460004
181 0.460004
182 0.460004
183 0.460004
184 0.460004
185 0.460004
186 0.460004
187 0.460004
188 0.460004
189 0.460004
190 0.460004
191 0.460004
192 0.460004
193 0.460004
194 0.460004
195 0.460004
196 0.460004
197 0.460004
198 0.460004
199 0.460004
200 0.460004
201 0.460004
202 0.460004
203 0.460004
204 0.460004
205 0.460004
206 0.460004
207 0.460004
208 0.460004
209 0.460004
210 0.460004
211 0.460004
212 0.460004
213 0.460004
214 0.460004
215 0.460004
216 0.460004
217 0.460004
218 0.460004
219 0.460004
220 0.460004
221 0.460004
222 0.460004
223 0.460004
224 0.460004
225 0.460004
226 0.460004
227 0.460004
228 0.460004
229 0.460004
230 0.460004
231 0.460004
232 0.460004
233 0.460004
234 0.460004
235 0.460004
236 0.460004
237 0.460004
238 0.460004
239 0.460004
240 0.460004
241 0.460004
242 0.460004
243 0.460004
244 0.460004
245 0.460004
246 0.460004
247 0.460004
248 0.460004
249 0.460004
250 0.460004
251 0.460004
252 0.460004
253 0.460004
254 0.460004
255 0.460004
256 0.460004
257 0.460004
258 0.460004
259 0.460004
260 0.460004
261 0.460004
262 0.460004
263 0.460004
264 0.460004
265 0.460004
266 0.460004
267 0.460004
268 0.460004
269 0.460004
270 0.460004
271 0.460004
272 0.460004
273 0.460004
274 0.460004
275 0.460004
276 0.460004
277 0.460004
278 0.460004
279 0.460004
280 0.460004
281 0.460004
282 0.460004
283 0.460004
284 0.460004
285 0.460004
286 0.460004
287 0.460004
288 0.460004
289 0.460004
290 0.460004
291 0.460004
292 0.460004
293 0.460004
294 0.460004
295 0.460004
296 0.460004
297 0.460004
298 0.460004
299 0.460004
300 0.460004
301 0.460004
302 0.460004
303 0.460004
304 0.460004
305 0.460004
306 0.460004
307 0.460004
308 0.460004
309 0.460004
310 0.460004
311 0.460004
312 0.460004
313 0.460004
314 0.460004
315 0.460004
316 0.460004
317 0.460004
318 0.460004
319 0.460004
320 0.460004
321 0.460004
322 0.460004
323 0.460004
324 0.460004
325 0.460004
326 0.460004
327 0.460004
328 0.460004
329 0.460004
330 0.460004
331 0.460004
332 0.460004
333 0.460004
334 0.460004
335 0.460004
336 0.460004
337 0.460004
338 0.460004
339 0.460004
340 0.460004
341 0.460004
342 0.460004
343 0.460004
344 0.460004
345 0.460004
346 0.460004
347 0.460004
348 0.460004
349 0.460004
350 0.460004
351 0.460004
352 0.460004
353 0.460004
354 0.460004
355 0.460004
356 0.460004
357 0.460004
358 0.460004
359 0.460004
360 0.460004
361 0.460004
362 0.460004
363 0.460004
364 0.460004
365 0.460004
366 0.460004
367 0.460004
368 0.460004
369 0.460004
370 0.460004
371 0.460004
372 0.460004
373 0.460004
374 0.460004
375 0.460004
376 0.460004
377 0.460004
378 0.460004
379 0.460004
380 0.460004
381 0.460004
382 0.460004
383 0.460004
384 0.460004
385 0.460004
386 0.460004
387 0.460004
388 0.460004
389 0.460004
390 0.460004
391 0.460004
392 0.460004
393 0.460004
394 0.460004
395 0.460004
396 0.460004
397 0.460004
398 0.460004
399 0.460004
400 0.460004
401 0.460004
402 0.460004
403 0.460004
404 0.460004
405 0.460004
406 0.460004
407 0.460004
408 0.460004
409 0.460004
410 0.460004
411 0.460004
412 0.460004
413 0.460004
414 0.460004
415 0.460004
416 0.460004
417 0.460004
418 0.460004
419 0.460004
420 0.460004
421 0.460004
422 0.460004
423 0.460004
424 0.460004
425 0.460004
426 0.460004
427 0.460004
428 0.460004
429 0.460004
430 0.460004
431 0.460004
432 0.460004
433 0.460004
434 0.460004
435 0.460004
436 0.460004
437 0.460004
438 0.460004
439 0.460004
440 0.460004
