0 0.460004
1 0.460004
2 0.460004
3 0.46442
4 0.460004
5 0.460004
6 0.460004
7 0.46442
8 0.46442
9 0.468836
10 0.460004
11 0.460004
12 0.460004
13 0.460004
14 0.460004
15 0.46442
16 0.46442
17 0.468836
18 0.468836
19 0.473252
20 0.473252
21 0.477668
22 0.460004
23 0.460004
24 0.460004
25 0.460004
26 0.460004
27 0.460004
28 0.460004
29 0.460004
30 0.460004
31 0.46442
32 0.46442
33 0.468836
34 0.468836
35 0.473252
36 0.473252
37 0.477668
38 0.477668
39 0.482084
40 0.482084
41 0.4865
42 0.4865
43 0.490916
44 0.490916
45 0.495332
46 0.460004
47 0.460004
48 0.460004
49 0.460004
50 0.460004
51 0.460004
52 0.460004
53 0.460004
54 0.460004
55 0.460004
56 0.460004
57 0.460004
58 0.460004
59 0.460004
60 0.460004
61 0.460004
