0 0.01032
1 0.01032
2 0.01832
3 0.02664
4 0.01032
5 0.01032
6 0.01832
7 0.02664
8 0.02032
9 0.02664
10 0.01864
11 0.01664
12 0.01664
13 0.02296
14 0.01864
15 0.02296
16 0.02496
17 0.02496
18 0.02496
19 0.03128
20 0.02696
21 0.03128
22 0.03328
23 0.03328
24 0.03328
25 0.0396
26 0.03528
27 0.0396
28 0.0416
29 0.0416
30 0.0416
31 0.04792
32 0.0436
33 0.04792
34 0.04992
35 0.04992
36 0.04992
37 0.05624
38 0.05192
39 0.05624
40 0.05824
41 0.05824
42 0.05824
43 0.06456
44 0.06024
45 0.06456
46 0.06656
47 0.06656
48 0.06656
49 0.07288
50 0.06856
51 0.07288
52 0.07488
53 0.07488
54 0.07488
55 0.0812
56 0.07688
57 0.0812
58 0.0832
59 0.0832
60 0.0832
61 0.0832
62 0.0832
63 0.0832
64 0.0832
65 0.0832
66 0.0832
67 0.0832
68 0.0832
69 0.0832
70 0.0832
71 0.0832
72 0.0832
73 0.0832
74 0.0832
75 0.0832
76 0.0832
77 0.0832
78 0.0832
79 0.0832
80 0.0832
81 0.0832
82 0.0832
83 0.0832
84 0.0832
85 0.0832
86 0.0832
87 0.0832
88 0.0832
89 0.0832
90 0.0832
91 0.0832
92 0.0832
93 0.0832
94 0.0832
95 0.0832
96 0.0832
97 0.0832
98 0.0832
99 0.0832
100 0.0832
101 0.0832
102 0.0832
103 0.0832
104 0.0832
105 0.0832
106 0.0832
107 0.0832
108 0.0832
109 0.0832
110 0.0832
111 0.0832
112 0.0832
113 0.0832
114 0.0832
115 0.0832
116 0.0832
117 0.0832
118 0.0832
119 0.0832
120 0.0832
121 0.0832
122 0.0832
123 0.0832
124 0.0832
125 0.0832
126 0.0832
127 0.0832
128 0.0832
129 0.0832
130 0.0832
131 0.0832
132 0.0832
133 0.0832
134 0.0832
135 0.0832
136 0.0832
137 0.0832
138 0.0832
139 0.0832
140 0.0832
141 0.0832
142 0.0832
143 0.0832
144 0.0832
145 0.0832
146 0.0832
147 0.0832
148 0.0832
149 0.0832
150 0.0832
151 0.0832
152 0.0832
153 0.0832
154 0.0832
155 0.0832
156 0.0832
157 0.0832
158 0.0832
159 0.0832
160 0.0832
161 0.0832
162 0.0832
163 0.0832
164 0.0832
165 0.0832
166 0.0832
167 0.0832
168 0.0832
169 0.0832
170 0.0832
171 0.0832
172 0.0832
173 0.0832
174 0.0832
175 0.0832
176 0.0832
177 0.0832
178 0.0832
179 0.0832
180 0.0832
181 0.0832
182 0.0832
183 0.0832
184 0.0832
185 0.0832
186 0.0832
187 0.0832
188 0.0832
189 0.0832
190 0.0832
191 0.0832
192 0.0832
193 0.0832
194 0.0832
195 0.0832
196 0.0832
197 0.0832
198 0.0832
199 0.0832
200 0.0832
201 0.0832
202 0.0832
203 0.0832
204 0.0832
205 0.0832
206 0.0832
207 0.0832
208 0.0832
209 0.0832
210 0.0832
211 0.0832
212 0.0832
213 0.0832
214 0.0832
215 0.0832
216 0.0832
217 0.0832
218 0.0832
219 0.0832
220 0.0832
221 0.0832
222 0.0832
223 0.0832
224 0.0832
225 0.0832
226 0.0832
227 0.0832
228 0.0832
229 0.0832
230 0.0832
231 0.0832
232 0.0832
233 0.0832
234 0.0832
235 0.0832
236 0.0832
237 0.0832
238 0.0832
239 0.0832
240 0.0832
241 0.0832
242 0.0832
243 0.0832
244 0.0832
245 0.0832
246 0.0832
247 0.0832
248 0.0832
249 0.0832
250 0.0832
251 0.0832
252 0.0832
253 0.0832
254 0.0832
255 0.0832
256 0.0832
257 0.0832
258 0.0832
259 0.0832
260 0.0832
261 0.0832
262 0.0832
263 0.0832
264 0.0832
265 0.0832
266 0.0832
267 0.0832
268 0.0832
269 0.0832
270 0.0832
271 0.0832
272 0.0832
273 0.0832
274 0.0832
275 0.0832
276 0.0832
277 0.0832
278 0.0832
279 0.0832
280 0.0832
281 0.0832
282 0.0832
283 0.0832
284 0.0832
285 0.0832
286 0.0832
287 0.0832
288 0.0832
289 0.0832
290 0.0832
291 0.0832
292 0.0832
293 0.0832
294 0.0832
295 0.0832
296 0.0832
297 0.0832
298 0.0832
299 0.0832
300 0.0832
301 0.0832
302 0.0832
303 0.0832
304 0.0832
305 0.0832
306 0.0832
307 0.0832
308 0.0832
309 0.0832
310 0.0832
311 0.0832
312 0.0832
313 0.0832
314 0.0832
315 0.0832
316 0.0832
317 0.0832
318 0.0832
319 0.0832
320 0.0832
321 0.0832
322 0.0832
323 0.0832
324 0.0832
325 0.0832
326 0.0832
327 0.0832
328 0.0832
329 0.0832
330 0.0832
331 0.0832
332 0.0832
333 0.0832
334 0.0832
335 0.0832
336 0.0832
337 0.0832
338 0.0832
339 0.0832
340 0.0832
341 0.0832
342 0.0832
343 0.0832
344 0.0832
345 0.0832
346 0.0832
347 0.0832
348 0.0832
349 0.0832
350 0.0832
351 0.0832
352 0.0832
353 0.0832
354 0.0832
355 0.0832
356 0.0832
357 0.0832
358 0.0832
359 0.0832
360 0.0832
361 0.0832
362 0.0832
363 0.0832
364 0.0832
365 0.0832
366 0.0832
367 0.0832
368 0.0832
369 0.0832
370 0.0832
371 0.0832
372 0.0832
373 0.0832
374 0.0832
375 0.0832
376 0.0832
377 0.0832
378 0.0832
379 0.0832
380 0.0832
381 0.0832
382 0.0832
383 0.0832
384 0.0832
385 0.0832
386 0.0832
387 0.0832
388 0.0832
389 0.0832
390 0.0832
391 0.0832
392 0.0832
393 0.0832
394 0.0832
395 0.0832
396 0.0832
397 0.0832
398 0.0832
399 0.0832
400 0.0832
401 0.0832
402 0.0832
403 0.0832
404 0.0832
405 0.0832
406 0.0832
407 0.0832
408 0.0832
409 0.0832
410 0.0832
411 0.0832
412 0.0832
413 0.0832
414 0.0832
415 0.0832
416 0.0832
417 0.0832
418 0.0832
419 0.0832
420 0.0832
421 0.0832
422 0.0832
423 0.0832
424 0.0832
425 0.0832
426 0.0832
427 0.0832
428 0.0832
429 0.0832
430 0.0832
431 0.0832
432 0.0832
433 0.0832
434 0.0832
435 0.0832
436 0.0832
437 0.0832
438 0.0832
439 0.0832
440 0.0832
441 0.0832
442 0.0832
443 0.0832
444 0.0832
445 0.0832
446 0.0832
447 0.0832
448 0.0832
449 0.0832
450 0.0832
451 0.0832
452 0.0832
453 0.0832
454 0.0832
455 0.0832
456 0.0832
457 0.0832
458 0.0832
459 0.0832
460 0.0832
461 0.0832
462 0.0832
463 0.0832
464 0.0832
465 0.0832
466 0.0832
467 0.0832
468 0.0832
469 0.0832
470 0.0832
471 0.0832
472 0.0832
473 0.0832
474 0.0832
475 0.0832
476 0.0832
477 0.0832
478 0.0832
479 0.0832
480 0.0832
481 0.0832
482 0.0832
483 0.0832
484 0.0832
485 0.0832
486 0.0832
487 0.0832
488 0.0832
489 0.0832
490 0.0832
491 0.0832
492 0.0832
493 0.0832
494 0.0832
495 0.0832
496 0.0832
497 0.0832
498 0.0832
499 0.0832
500 0.0832
501 0.0832
502 0.0832
503 0.0832
504 0.0832
505 0.0832
506 0.0832
507 0.0832
508 0.0832
509 0.0832
510 0.0832
511 0.0832
512 0.0832
513 0.0832
514 0.0832
515 0.0832
516 0.0832
517 0.0832
518 0.0832
519 0.0832
520 0.0832
521 0.0832
522 0.0832
523 0.0832
524 0.0832
525 0.0832
526 0.0832
527 0.0832
528 0.0832
529 0.0832
530 0.0832
531 0.0832
532 0.0832
533 0.0832
534 0.0832
535 0.0832
536 0.0832
537 0.0832
538 0.0832
539 0.0832
540 0.0832
541 0.0832
542 0.0832
543 0.0832
544 0.0832
545 0.0832
546 0.0832
547 0.0832
548 0.0832
549 0.0832
550 0.0832
551 0.0832
552 0.0832
553 0.0832
554 0.0832
555 0.0832
556 0.0832
557 0.0832
558 0.0832
559 0.0832
560 0.0832
561 0.0832
562 0.0832
563 0.0832
564 0.0832
565 0.0832
566 0.0832
567 0.0832
568 0.0832
569 0.0832
570 0.0832
571 0.0832
572 0.0832
573 0.0832
574 0.0832
575 0.0832
576 0.0832
577 0.0832
578 0.0832
579 0.0832
580 0.0832
581 0.0832
582 0.0832
583 0.0832
584 0.0832
585 0.0832
586 0.0832
587 0.0832
588 0.0832
589 0.0832
590 0.0832
591 0.0832
592 0.0832
593 0.0832
594 0.0832
595 0.0832
596 0.0832
597 0.0832
598 0.0832
599 0.0832
600 0.0832
601 0.0832
602 0.0832
603 0.0832
604 0.0832
605 0.0832
606 0.0832
607 0.0832
608 0.0832
609 0.0832
610 0.0832
611 0.0832
612 0.0832
613 0.0832
614 0.0832
615 0.0832
616 0.0832
617 0.0832
618 0.0832
619 0.0832
620 0.0832
621 0.0832
622 0.0832
623 0.0832
624 0.0832
625 0.0832
626 0.0832
627 0.0832
628 0.0832
629 0.0832
630 0.0832
631 0.0832
632 0.0832
633 0.0832
634 0.0832
635 0.0832
636 0.0832
637 0.0832
638 0.0832
639 0.0832
640 0.0832
641 0.0832
642 0.0832
643 0.0832
644 0.0832
645 0.0832
646 0.0832
647 0.0832
648 0.0832
649 0.0832
650 0.0832
651 0.0832
652 0.0832
653 0.0832
654 0.0832
655 0.0832
656 0.0832
657 0.0832
658 0.0832
659 0.0832
660 0.0832
661 0.0832
662 0.0832
663 0.0832
664 0.0832
665 0.0832
666 0.0832
667 0.0832
668 0.0832
669 0.0832
670 0.0832
671 0.0832
672 0.0832
673 0.0832
674 0.0832
675 0.0832
676 0.0832
677 0.0832
678 0.0832
679 0.0832
680 0.0832
681 0.0832
682 0.0832
683 0.0832
684 0.0832
685 0.0832
686 0.0832
687 0.0832
688 0.0832
689 0.0832
690 0.0832
691 0.0832
692 0.0832
693 0.0832
694 0.0832
695 0.0832
696 0.0832
697 0.0832
698 0.0832
699 0.0832
700 0.0832
701 0.0832
702 0.0832
703 0.0832
704 0.0832
705 0.0832
706 0.0832
707 0.0832
708 0.0832
709 0.0832
710 0.0832
711 0.0832
712 0.0832
713 0.0832
714 0.0832
715 0.0832
716 0.0832
717 0.0832
718 0.0832
719 0.0832
720 0.0832
721 0.0832
722 0.0832
723 0.0832
724 0.0832
725 0.0832
726 0.0832
727 0.0832
728 0.0832
729 0.0832
730 0.0832
731 0.0832
732 0.0832
733 0.0832
734 0.0832
735 0.0832
736 0.0832
737 0.0832
738 0.0832
739 0.0832
740 0.0832
741 0.0832
742 0.0832
743 0.0832
744 0.0832
745 0.0832
746 0.0832
747 0.0832
748 0.0832
749 0.0832
750 0.0832
751 0.0832
752 0.0832
753 0.0832
754 0.0832
755 0.0832
756 0.0832
757 0.0832
758 0.0832
759 0.0832
760 0.0832
761 0.0832
762 0.0832
763 0.0832
764 0.0832
765 0.0832
766 0.0832
767 0.0832
768 0.0832
769 0.0832
770 0.0832
771 0.0832
772 0.0832
773 0.0832
774 0.0832
775 0.0832
776 0.0832
777 0.0832
778 0.0832
779 0.0832
780 0.0832
781 0.0832
782 0.0832
783 0.0832
784 0.0832
785 0.0832
786 0.0832
787 0.0832
788 0.0832
789 0.0832
790 0.0832
791 0.0832
792 0.0832
793 0.0832
794 0.0832
795 0.0832
796 0.0832
797 0.0832
798 0.0832
799 0.0832
800 0.0832
801 0.0832
802 0.0832
803 0.0832
804 0.0832
805 0.0832
806 0.0832
807 0.0832
808 0.0832
809 0.0832
810 0.0832
811 0.0832
812 0.0832
813 0.0832
814 0.0832
815 0.0832
816 0.0832
817 0.0832
818 0.0832
819 0.0832
820 0.0832
821 0.0832
822 0.0832
823 0.0832
824 0.0832
825 0.0832
826 0.0832
827 0.0832
828 0.0832
829 0.0832
830 0.0832
831 0.0832
832 0.0832
833 0.0832
834 0.0832
835 0.0832
836 0.0832
837 0.0832
838 0.0832
839 0.0832
840 0.0832
841 0.0832
842 0.0832
843 0.0832
844 0.0832
845 0.0832
846 0.0832
847 0.0832
848 0.0832
849 0.0832
850 0.0832
851 0.0832
852 0.0832
853 0.0832
854 0.0832
855 0.0832
856 0.0832
857 0.0832
858 0.0832
859 0.0832
860 0.0832
861 0.0832
862 0.0832
863 0.0832
864 0.0832
865 0.0832
866 0.0832
867 0.0832
868 0.0832
869 0.0832
870 0.0832
871 0.0832
872 0.0832
873 0.0832
874 0.0832
875 0.0832
876 0.0832
877 0.0832
878 0.0832
879 0.0832
880 0.0832
881 0.0832
882 0.0832
883 0.0832
884 0.0832
885 0.0832
886 0.0832
887 0.0832
888 0.0832
889 0.0832
890 0.0832
891 0.0832
892 0.0832
893 0.0832
894 0.0832
895 0.0832
896 0.0832
897 0.0832
898 0.0832
899 0.0832
900 0.0832
901 0.0832
902 0.0832
903 0.0832
904 0.0832
905 0.0832
906 0.0832
907 0.0832
908 0.0832
909 0.0832
910 0.0832
911 0.0832
912 0.0832
913 0.0832
914 0.0832
915 0.0832
916 0.0832
917 0.0832
918 0.0832
919 0.0832
920 0.0832
921 0.0832
922 0.0832
923 0.0832
924 0.0832
925 0.0832
926 0.0832
927 0.0832
928 0.0832
929 0.0832
930 0.0832
931 0.0832
932 0.0832
933 0.0832
934 0.0832
935 0.0832
936 0.0832
937 0.0832
938 0.0832
939 0.0832
940 0.0832
941 0.0832
942 0.0832
943 0.0832
944 0.0832
945 0.0832
946 0.0832
947 0.0832
948 0.0832
949 0.0832
950 0.0832
951 0.0832
952 0.0832
953 0.0832
954 0.0832
955 0.0832
956 0.0832
957 0.0832
958 0.0832
959 0.0832
960 0.0832
961 0.0832
962 0.0832
963 0.0832
964 0.0832
965 0.0832
966 0.0832
967 0.0832
968 0.0832
969 0.0832
970 0.0832
971 0.0832
972 0.0832
973 0.0832
974 0.0832
975 0.0832
976 0.0832
977 0.0832
978 0.0832
979 0.0832
980 0.0832
981 0.0832
982 0.0832
983 0.0832
984 0.0832
985 0.0832
986 0.0832
987 0.0832
988 0.0832
989 0.0832
990 0.0832
991 0.0832
992 0.0832
993 0.0832
994 0.0832
995 0.0832
996 0.0832
997 0.0832
998 0.0832
999 0.0832
1000 0.0832
1001 0.0832
1002 0.0832
1003 0.0832
1004 0.0832
1005 0.0832
1006 0.0832
1007 0.0832
1008 0.0832
1009 0.0832
1010 0.0832
1011 0.0832
1012 0.0832
1013 0.0832
1014 0.0832
1015 0.0832
1016 0.0832
1017 0.0832
1018 0.0832
1019 0.0832
1020 0.0832
1021 0.0832
1022 0.0832
1023 0.0832
1024 0.0832
1025 0.0832
1026 0.0832
1027 0.0832
1028 0.0832
1029 0.0832
1030 0.0832
1031 0.0832
1032 0.0832
1033 0.0832
1034 0.0832
1035 0.0832
1036 0.0832
1037 0.0832
1038 0.0832
1039 0.0832
1040 0.0832
1041 0.0832
1042 0.0832
1043 0.0832
1044 0.0832
1045 0.0832
1046 0.0832
1047 0.0832
1048 0.0832
1049 0.0832
1050 0.0832
1051 0.0832
1052 0.0832
1053 0.0832
1054 0.0832
1055 0.0832
1056 0.0832
1057 0.0832
1058 0.0832
1059 0.0832
1060 0.0832
1061 0.0832
1062 0.0832
1063 0.0832
1064 0.0832
1065 0.0832
1066 0.0832
1067 0.0832
1068 0.07688
1069 0.07488
1070 0.06856
1071 0.06656
1072 0.06024
1073 0.05824
1074 0.05192
1075 0.04992
1076 0.0436
1077 0.0416
1078 0.03528
1079 0.03328
1080 0.02696
1081 0.02496
1082 0.01864
1083 0.01664
1084 0.01032
1085 0.01032
