0 0.03096
1 0.03096
2 0.05496
3 0.06328
4 0.03096
5 0.03096
6 0.05496
7 0.06328
8 0.06328
9 0.0716
10 0.03096
11 0.03096
12 0.03096
13 0.03096
14 0.05496
15 0.06328
16 0.06328
17 0.0716
18 0.06928
19 0.0716
20 0.06928
21 0.0716
22 0.0476
23 0.0416
24 0.03928
25 0.03328
26 0.03328
27 0.0416
28 0.0476
29 0.04664
30 0.04992
31 0.05264
32 0.05496
33 0.06328
34 0.06696
35 0.06328
36 0.06928
37 0.06928
38 0.06928
39 0.0716
40 0.06928
41 0.0716
42 0.06928
43 0.0716
44 0.07256
45 0.0716
46 0.0776
47 0.07488
48 0.07256
49 0.06656
50 0.06656
51 0.06888
52 0.07256
53 0.06888
54 0.07488
55 0.07488
56 0.07488
57 0.0772
58 0.08088
59 0.0772
60 0.0832
61 0.0832
62 0.0832
63 0.0832
64 0.0832
65 0.0832
66 0.0832
67 0.0832
68 0.0832
69 0.0832
70 0.0832
71 0.0832
72 0.0832
73 0.0832
74 0.0832
75 0.0832
76 0.0832
77 0.0832
78 0.0832
79 0.0832
80 0.0832
81 0.0832
82 0.0832
83 0.0832
84 0.0832
85 0.0832
86 0.0832
87 0.0832
88 0.0832
89 0.0832
90 0.0832
91 0.0832
92 0.0832
93 0.0832
94 0.0832
95 0.0832
96 0.0832
97 0.0832
98 0.0832
99 0.0832
100 0.0832
101 0.0832
102 0.0832
103 0.0832
104 0.0832
105 0.0832
106 0.0832
107 0.0832
108 0.0832
109 0.0832
110 0.0832
111 0.0832
112 0.0832
113 0.0832
114 0.0832
115 0.0832
116 0.0832
117 0.0832
118 0.0832
119 0.0832
120 0.0832
121 0.0832
122 0.0832
123 0.0832
124 0.0832
125 0.0832
126 0.0832
127 0.0832
128 0.0832
129 0.0832
130 0.0832
131 0.0832
132 0.0832
133 0.0832
134 0.0816
135 0.0832
136 0.08088
137 0.08224
138 0.08088
139 0.08056
140 0.08088
141 0.07888
142 0.08088
143 0.0772
144 0.08088
145 0.07552
146 0.08088
147 0.07488
148 0.07984
149 0.07488
150 0.07816
151 0.07488
152 0.07648
153 0.07488
154 0.0748
155 0.07488
156 0.07312
157 0.07488
158 0.07256
159 0.07376
160 0.07256
161 0.07208
162 0.07256
163 0.0704
164 0.07256
165 0.06872
166 0.07256
167 0.06704
168 0.07256
169 0.06656
170 0.07136
171 0.06656
172 0.06968
173 0.06656
174 0.068
175 0.06656
176 0.06632
177 0.06656
178 0.06464
179 0.06656
180 0.06424
181 0.06528
182 0.06424
183 0.0636
184 0.06424
185 0.06192
186 0.06424
187 0.06024
188 0.06424
189 0.05856
190 0.06424
191 0.05824
192 0.06288
193 0.05824
194 0.0612
195 0.05824
196 0.05952
197 0.05824
198 0.05784
199 0.05824
200 0.05616
201 0.05824
202 0.05592
203 0.0568
204 0.05592
205 0.05512
206 0.05592
207 0.05344
208 0.05592
209 0.05176
210 0.05592
211 0.05008
212 0.05592
213 0.04992
214 0.0544
215 0.04992
216 0.05272
217 0.04992
218 0.05104
219 0.04992
220 0.04936
221 0.04992
222 0.04768
223 0.04992
224 0.0476
225 0.04832
226 0.0476
227 0.04664
228 0.0476
229 0.04496
230 0.0476
231 0.04328
232 0.0476
233 0.0416
234 0.0476
235 0.0416
236 0.04592
237 0.0416
238 0.04424
239 0.0416
240 0.04256
241 0.04168
242 0.04088
243 0.04336
244 0.03928
245 0.04496
246 0.03928
247 0.04496
248 0.03936
249 0.04496
250 0.04096
251 0.04496
252 0.04096
253 0.04496
254 0.04096
255 0.04496
256 0.04096
257 0.04496
258 0.04096
259 0.04496
260 0.04096
261 0.04496
262 0.04096
263 0.04496
264 0.04096
265 0.04496
266 0.04096
267 0.04496
268 0.04096
269 0.04496
270 0.04096
271 0.04496
272 0.04096
273 0.04496
274 0.04096
275 0.04496
276 0.04096
277 0.04496
278 0.04096
279 0.04496
280 0.04096
281 0.04496
282 0.04096
283 0.04496
284 0.04096
285 0.04496
286 0.04096
287 0.04496
288 0.04096
289 0.04496
290 0.04096
291 0.04496
292 0.04096
293 0.04496
294 0.04096
295 0.04496
296 0.04096
297 0.04496
298 0.04096
299 0.04496
300 0.04096
301 0.04496
302 0.04096
303 0.04496
304 0.04096
305 0.04496
306 0.04096
307 0.04496
308 0.04096
309 0.04496
310 0.04096
311 0.04496
312 0.04096
313 0.04496
314 0.04096
315 0.04496
316 0.04096
317 0.04496
318 0.04096
319 0.04496
320 0.04096
321 0.04496
322 0.04096
323 0.04496
324 0.04096
325 0.04496
326 0.04096
327 0.04496
328 0.04096
329 0.04496
330 0.04096
331 0.04496
332 0.04096
333 0.04496
334 0.04096
335 0.04496
336 0.04096
337 0.04496
338 0.04096
339 0.04496
340 0.04096
341 0.04496
342 0.04096
343 0.04496
344 0.04096
345 0.04496
346 0.04096
347 0.04496
348 0.04096
349 0.04496
350 0.04096
351 0.04496
352 0.04096
353 0.04496
354 0.04096
355 0.04496
356 0.04096
357 0.04496
358 0.04096
359 0.04496
360 0.04096
361 0.04496
362 0.04096
363 0.04496
364 0.04096
365 0.04496
366 0.04096
367 0.04496
368 0.04096
369 0.04496
370 0.04096
371 0.04496
372 0.04096
373 0.04496
374 0.04096
375 0.04496
376 0.04096
377 0.04496
378 0.04096
379 0.04496
380 0.04096
381 0.04496
382 0.04096
383 0.04496
384 0.04096
385 0.04496
386 0.04096
387 0.04496
388 0.04096
389 0.04496
390 0.04096
391 0.04496
392 0.04096
393 0.04496
394 0.04096
395 0.04496
396 0.04096
397 0.04496
398 0.04096
399 0.04496
400 0.04096
401 0.04496
402 0.04096
403 0.04496
404 0.04096
405 0.04496
406 0.04096
407 0.04496
408 0.04096
409 0.04496
410 0.04096
411 0.04496
412 0.04096
413 0.04496
414 0.04096
415 0.04496
416 0.04096
417 0.04496
418 0.04096
419 0.04496
420 0.04096
421 0.04496
422 0.04096
423 0.04496
424 0.04096
425 0.04496
426 0.04096
427 0.04496
428 0.04096
429 0.04496
430 0.04096
431 0.04496
432 0.04096
433 0.04496
434 0.04096
435 0.04496
436 0.04096
437 0.04496
438 0.04096
439 0.04496
440 0.04096
441 0.04496
442 0.04096
443 0.04496
444 0.04096
445 0.04496
446 0.04096
447 0.04496
448 0.04096
449 0.04496
450 0.04096
451 0.04496
452 0.04096
453 0.04496
454 0.04096
455 0.04496
456 0.04096
457 0.04496
458 0.04096
459 0.04496
460 0.04096
461 0.04496
462 0.04096
463 0.04496
464 0.04096
465 0.04496
466 0.04096
467 0.04496
468 0.04096
469 0.04496
470 0.04096
471 0.04496
472 0.04096
473 0.04496
474 0.04096
475 0.04496
476 0.04096
477 0.04496
478 0.04096
479 0.04496
480 0.04096
481 0.04496
482 0.04096
483 0.04496
484 0.04096
485 0.04496
486 0.04096
487 0.04496
488 0.04096
489 0.04496
490 0.04096
491 0.04496
492 0.04096
493 0.04496
494 0.04096
495 0.04496
496 0.04096
497 0.04496
498 0.04096
499 0.04496
500 0.04096
501 0.04496
502 0.04096
503 0.04496
504 0.04096
505 0.04496
506 0.04096
507 0.04496
508 0.04096
509 0.04496
510 0.04096
511 0.04496
512 0.04096
513 0.04496
514 0.04096
515 0.04496
516 0.04096
517 0.04496
518 0.04096
519 0.04496
520 0.04096
521 0.04496
522 0.04096
523 0.04496
524 0.04096
525 0.04496
526 0.04096
527 0.04496
528 0.04096
529 0.04496
530 0.04096
531 0.04496
532 0.04096
533 0.04496
534 0.04096
535 0.04496
536 0.04096
537 0.04496
538 0.04096
539 0.04496
540 0.04096
541 0.04496
542 0.04096
543 0.04496
544 0.04096
545 0.04496
546 0.04096
547 0.04496
548 0.04096
549 0.04496
550 0.04096
551 0.04496
552 0.04096
553 0.04496
554 0.04096
555 0.04496
556 0.04096
557 0.04496
558 0.04096
559 0.04496
560 0.04096
561 0.04496
562 0.04096
563 0.04496
564 0.04096
565 0.04496
566 0.04096
567 0.04496
568 0.04096
569 0.04496
570 0.04096
571 0.04496
572 0.04096
573 0.04496
574 0.04096
575 0.04496
576 0.04096
577 0.04496
578 0.04096
579 0.04496
580 0.04096
581 0.04496
582 0.04096
583 0.04496
584 0.04096
585 0.04496
586 0.04096
587 0.04496
588 0.04096
589 0.04496
590 0.04096
591 0.04496
592 0.04096
593 0.04496
594 0.04096
595 0.04496
596 0.04096
597 0.04496
598 0.04096
599 0.04496
600 0.04096
601 0.04496
602 0.04096
603 0.04496
604 0.04096
605 0.04496
606 0.04096
607 0.04496
608 0.04096
609 0.04496
610 0.04096
611 0.04496
612 0.04096
613 0.04496
614 0.04096
615 0.04496
616 0.04096
617 0.04496
618 0.04096
619 0.04496
620 0.04096
621 0.04496
622 0.04096
623 0.04496
624 0.04096
625 0.04496
626 0.04096
627 0.04496
628 0.04096
629 0.04496
630 0.04096
631 0.04496
632 0.04096
633 0.04496
634 0.04096
635 0.04496
636 0.04096
637 0.04496
638 0.04096
639 0.04496
640 0.04096
641 0.04496
642 0.04096
643 0.04496
644 0.04096
645 0.04496
646 0.04096
647 0.04496
648 0.04096
649 0.04496
650 0.04096
651 0.04496
652 0.04096
653 0.04496
654 0.04096
655 0.04496
656 0.04096
657 0.04496
658 0.04096
659 0.04496
660 0.04096
661 0.04496
662 0.04096
663 0.04496
664 0.04096
665 0.04496
666 0.04096
667 0.04496
668 0.04096
669 0.04496
670 0.04096
671 0.04496
672 0.04096
673 0.04496
674 0.04096
675 0.04496
676 0.04096
677 0.04496
678 0.04096
679 0.04496
680 0.04096
681 0.04496
682 0.04096
683 0.04496
684 0.04096
685 0.04496
686 0.04096
687 0.04496
688 0.04096
689 0.04496
690 0.04096
691 0.04496
692 0.04096
693 0.04496
694 0.04096
695 0.04496
696 0.04096
697 0.04496
698 0.04096
699 0.04496
700 0.04096
701 0.04496
702 0.04096
703 0.04496
704 0.04096
705 0.04496
706 0.04096
707 0.04496
708 0.04096
709 0.04496
710 0.04096
711 0.04496
712 0.04096
713 0.04496
714 0.04096
715 0.04496
716 0.04096
717 0.04496
718 0.04096
719 0.04496
720 0.04096
721 0.04496
722 0.04096
723 0.04496
724 0.04096
725 0.04496
726 0.04096
727 0.04496
728 0.04096
729 0.04496
730 0.04096
731 0.04496
732 0.04096
733 0.04496
734 0.04096
735 0.04496
736 0.04096
737 0.04496
738 0.04096
739 0.04496
740 0.04096
741 0.04496
742 0.04096
743 0.04496
744 0.04096
745 0.04496
746 0.04096
747 0.04496
748 0.04096
749 0.04496
750 0.04096
751 0.04496
752 0.04096
753 0.04496
754 0.04096
755 0.04496
756 0.04096
757 0.04496
758 0.04096
759 0.04496
760 0.04096
761 0.04496
762 0.04096
763 0.04496
764 0.04096
765 0.04496
766 0.04096
767 0.04496
768 0.04096
769 0.04496
770 0.04096
771 0.04496
772 0.04096
773 0.04496
774 0.04096
775 0.04496
776 0.04096
777 0.04496
778 0.04096
779 0.04496
780 0.04096
781 0.04496
782 0.04096
783 0.04496
784 0.04096
785 0.04496
786 0.04096
787 0.04496
788 0.04096
789 0.04496
790 0.04096
791 0.04496
792 0.04096
793 0.04496
794 0.04096
795 0.04496
796 0.04096
797 0.04496
798 0.04096
799 0.04496
800 0.04096
801 0.04496
802 0.04096
803 0.04496
804 0.04096
805 0.04496
806 0.04096
807 0.04496
808 0.04096
809 0.04496
810 0.04096
811 0.04496
812 0.04096
813 0.04496
814 0.04096
815 0.04496
816 0.04096
817 0.04496
818 0.04096
819 0.04496
820 0.04096
821 0.04496
822 0.04096
823 0.04496
824 0.04096
825 0.04496
826 0.04096
827 0.04496
828 0.04096
829 0.04496
830 0.04096
831 0.04496
832 0.04096
833 0.04496
834 0.04096
835 0.04496
836 0.04096
837 0.04496
838 0.04096
839 0.04496
840 0.04096
841 0.04496
842 0.04096
843 0.04496
844 0.04096
845 0.04496
846 0.04096
847 0.04496
848 0.04096
849 0.04496
850 0.04096
851 0.04496
852 0.04096
853 0.04496
854 0.04096
855 0.04496
856 0.04096
857 0.04496
858 0.04096
859 0.04496
860 0.04096
861 0.04496
862 0.04096
863 0.04496
864 0.04096
865 0.04496
866 0.04096
867 0.04496
868 0.04096
869 0.04496
870 0.04096
871 0.04496
872 0.04096
873 0.04496
874 0.04096
875 0.04496
876 0.04096
877 0.04496
878 0.04096
879 0.04
880 0.03096
881 0.03096
882 0.03096
883 0.03096
