0 0.048
1 0.048
2 0.048
3 0.048
4 0.048
5 0.048
6 0.048
7 0.048
8 0.048
9 0.048
10 0.048
11 0.048
12 0.048
13 0.048
14 0.048
15 0.048
16 0.048
17 0.048
18 0.048
19 0.048
20 0.048
21 0.048
22 0.048
23 0.048
24 0.048
25 0.048
26 0.048
27 0.048
28 0.048
29 0.048
30 0.048
31 0.048
32 0.048
33 0.048
34 0.048
35 0.048
36 0.048
37 0.048
38 0.048
39 0.048
40 0.048
41 0.048
42 0.048
43 0.048
44 0.048
45 0.048
46 0.048
47 0.048
48 0.048
49 0.048
50 0.048
51 0.048
52 0.048
53 0.048
54 0.048
55 0.048
56 0.048
57 0.048
58 0.048
59 0.048
60 0.048
61 0.048
62 0.048
63 0.048
64 0.048
65 0.048
66 0.048
67 0.048
68 0.048
69 0.048
70 0.048
71 0.048
72 0.048
73 0.048
74 0.048
75 0.048
76 0.048
77 0.048
78 0.048
79 0.048
80 0.048
81 0.048
82 0.048
83 0.048
84 0.048
85 0.048
86 0.048
87 0.048
88 0.048
89 0.048
90 0.048
91 0.048
92 0.048
93 0.048
94 0.048
95 0.048
96 0.048
97 0.048
98 0.048
99 0.048
100 0.048
101 0.048
102 0.048
103 0.048
104 0.048
105 0.048
106 0.048
107 0.048
108 0.048
109 0.048
110 0.048
111 0.048
112 0.048
113 0.048
114 0.048
115 0.048
116 0.048
117 0.048
118 0.048
119 0.048
120 0.048
121 0.048
122 0.048
123 0.048
124 0.048
125 0.048
126 0.048
127 0.048
128 0.048
129 0.048
130 0.048
131 0.048
132 0.048
133 0.048
134 0.048
135 0.048
136 0.048
137 0.048
138 0.048
139 0.048
140 0.048
141 0.048
142 0.048
143 0.048
144 0.048
145 0.048
146 0.048
147 0.048
148 0.048
149 0.048
150 0.048
151 0.048
152 0.048
153 0.048
154 0.048
155 0.048
156 0.048
157 0.048
158 0.048
159 0.048
160 0.048
161 0.048
162 0.048
163 0.048
164 0.048
165 0.048
166 0.048
167 0.048
168 0.048
169 0.048
170 0.048
171 0.048
172 0.048
173 0.048
174 0.048
175 0.048
176 0.048
177 0.048
178 0.048
179 0.048
180 0.048
181 0.048
182 0.048
183 0.048
184 0.048
185 0.048
186 0.048
187 0.048
188 0.048
189 0.048
190 0.048
191 0.048
192 0.048
193 0.048
194 0.048
195 0.048
196 0.048
197 0.048
198 0.048
199 0.048
200 0.048
201 0.048
202 0.048
203 0.048
204 0.048
205 0.048
206 0.048
207 0.048
208 0.048
209 0.048
210 0.048
211 0.048
212 0.048
213 0.048
214 0.048
215 0.048
216 0.048
217 0.048
218 0.048
219 0.048
220 0.048
221 0.048
222 0.048
223 0.048
224 0.048
225 0.048
226 0.048
227 0.048
228 0.048
229 0.048
230 0.048
231 0.048
232 0.048
233 0.048
234 0.048
235 0.048
236 0.048
237 0.048
238 0.048
239 0.048
240 0.048
241 0.048
242 0.048
243 0.048
244 0.048
245 0.048
246 0.048
247 0.048
248 0.048
249 0.048
250 0.048
251 0.048
252 0.048
253 0.048
254 0.048
255 0.048
256 0.048
257 0.048
258 0.048
259 0.048
260 0.048
261 0.048
262 0.048
263 0.048
264 0.048
265 0.048
266 0.048
267 0.048
268 0.048
269 0.048
270 0.048
271 0.048
272 0.048
273 0.048
274 0.048
275 0.048
276 0.048
277 0.048
278 0.048
279 0.048
280 0.048
281 0.048
282 0.048
283 0.048
284 0.048
285 0.048
286 0.048
287 0.048
288 0.048
289 0.048
290 0.048
291 0.048
292 0.048
293 0.048
294 0.048
295 0.048
296 0.048
297 0.048
298 0.048
299 0.048
300 0.048
301 0.048
302 0.048
303 0.048
304 0.048
305 0.048
306 0.048
307 0.048
308 0.048
309 0.048
310 0.048
311 0.048
312 0.048
313 0.048
314 0.048
315 0.048
316 0.048
317 0.048
318 0.048
319 0.048
320 0.048
321 0.048
322 0.048
323 0.048
324 0.048
325 0.048
326 0.048
327 0.048
328 0.048
329 0.048
330 0.048
331 0.048
332 0.048
333 0.048
334 0.048
335 0.048
336 0.048
337 0.048
338 0.048
339 0.048
340 0.048
341 0.048
342 0.048
343 0.048
344 0.048
345 0.048
346 0.048
347 0.048
348 0.048
349 0.048
350 0.048
351 0.048
352 0.048
353 0.048
354 0.048
355 0.048
356 0.048
357 0.048
358 0.048
359 0.048
360 0.048
361 0.048
362 0.048
363 0.048
364 0.048
365 0.048
366 0.048
367 0.048
368 0.048
369 0.048
370 0.048
371 0.048
372 0.048
373 0.048
374 0.048
375 0.048
376 0.048
377 0.048
378 0.048
379 0.048
380 0.048
381 0.048
382 0.048
383 0.048
384 0.048
385 0.048
386 0.048
387 0.048
388 0.048
389 0.048
390 0.048
391 0.048
392 0.048
393 0.048
394 0.048
395 0.048
396 0.048
397 0.048
398 0.048
399 0.048
400 0.048
401 0.048
402 0.048
403 0.048
404 0.048
405 0.048
406 0.048
407 0.048
408 0.048
409 0.048
410 0.048
411 0.048
412 0.048
413 0.048
414 0.048
415 0.048
416 0.048
417 0.048
418 0.048
419 0.048
420 0.048
421 0.048
422 0.048
423 0.048
424 0.048
425 0.048
426 0.048
427 0.048
428 0.048
429 0.048
430 0.048
431 0.048
432 0.048
433 0.048
434 0.048
435 0.048
436 0.048
437 0.048
438 0.048
439 0.048
440 0.048
