0 0.04032
1 0.04032
2 0.04832
3 0.05248
4 0.04032
5 0.04032
6 0.04832
7 0.05248
8 0.05248
9 0.05664
10 0.04032
11 0.04032
12 0.04032
13 0.04032
14 0.04832
15 0.05248
16 0.05248
17 0.05664
18 0.05664
19 0.0608
20 0.0608
21 0.06496
22 0.04032
23 0.04032
24 0.04032
25 0.04032
26 0.04032
27 0.04032
28 0.04032
29 0.04032
30 0.04832
31 0.05248
32 0.05248
33 0.05664
34 0.05664
35 0.0608
36 0.0608
37 0.06496
38 0.06496
39 0.06912
40 0.06784
41 0.06912
42 0.06784
43 0.06912
44 0.06784
45 0.06912
46 0.0528
47 0.04992
48 0.04864
49 0.04576
50 0.04448
51 0.0416
52 0.04032
53 0.04032
54 0.04032
55 0.04032
56 0.0416
57 0.04576
58 0.04704
59 0.04576
60 0.04832
61 0.04864
62 0.04832
63 0.04992
64 0.0512
65 0.04992
66 0.05248
67 0.05536
68 0.05664
69 0.05952
70 0.0608
71 0.06368
72 0.06368
73 0.0608
74 0.05952
75 0.05664
76 0.05536
77 0.05248
78 0.0528
79 0.05248
80 0.0528
81 0.05248
82 0.0528
83 0.05248
84 0.0528
85 0.05248
86 0.0528
87 0.04992
88 0.04864
89 0.04576
90 0.04448
91 0.0416
92 0.0416
93 0.04448
94 0.04416
95 0.04448
96 0.04416
97 0.04448
98 0.04416
99 0.04448
100 0.04416
101 0.04448
102 0.04416
103 0.04448
104 0.04416
105 0.04448
106 0.04416
107 0.04448
108 0.04416
109 0.04448
110 0.04416
111 0.04704
112 0.04704
113 0.04416
114 0.04448
115 0.04416
116 0.04448
117 0.04416
118 0.04448
119 0.04416
120 0.04448
121 0.04416
122 0.04448
123 0.04416
124 0.04448
125 0.04416
126 0.04448
127 0.04416
128 0.04448
129 0.04416
130 0.04448
131 0.0416
132 0.0416
133 0.04448
134 0.04416
135 0.04448
136 0.04416
137 0.04448
138 0.04416
139 0.04448
140 0.04416
141 0.04448
142 0.04416
143 0.04448
144 0.04416
145 0.04448
146 0.04416
147 0.04448
148 0.04416
149 0.04448
150 0.04416
151 0.04704
152 0.04704
153 0.04416
154 0.04448
155 0.04416
156 0.04448
157 0.04416
158 0.04448
159 0.04416
160 0.04448
161 0.04416
162 0.04448
163 0.04416
164 0.04448
165 0.04416
166 0.04448
167 0.04416
168 0.04448
169 0.04416
170 0.04448
171 0.0416
172 0.0416
173 0.04448
174 0.04416
175 0.04448
176 0.04416
177 0.04448
178 0.04416
179 0.04448
180 0.04416
181 0.04448
182 0.04416
183 0.04448
184 0.04416
185 0.04448
186 0.04416
187 0.04448
188 0.04416
189 0.04448
190 0.04416
191 0.04704
192 0.04704
193 0.04416
194 0.04448
195 0.04416
196 0.04448
197 0.04416
198 0.04448
199 0.04416
200 0.04448
201 0.04416
202 0.04448
203 0.04416
204 0.04448
205 0.04416
206 0.04448
207 0.04416
208 0.04448
209 0.04416
210 0.04448
211 0.0416
212 0.0416
213 0.04448
214 0.04416
215 0.04448
216 0.04416
217 0.04448
218 0.04416
219 0.04448
220 0.04416
221 0.04448
222 0.04416
223 0.04448
224 0.04416
225 0.04448
226 0.04416
227 0.04448
228 0.04416
229 0.04448
230 0.04416
231 0.04704
232 0.04704
233 0.04416
234 0.04448
235 0.04416
236 0.04448
237 0.04416
238 0.04448
239 0.04416
240 0.04448
241 0.04416
242 0.04448
243 0.04416
244 0.04448
245 0.04416
246 0.04448
247 0.04416
248 0.04448
249 0.04416
250 0.04448
251 0.0416
252 0.0416
253 0.04448
254 0.04416
255 0.04448
256 0.04416
257 0.04448
258 0.04416
259 0.04448
260 0.04416
261 0.04448
262 0.04416
263 0.04448
264 0.04416
265 0.04448
266 0.04416
267 0.04448
268 0.04416
269 0.04448
270 0.04416
271 0.04704
272 0.04704
273 0.04416
274 0.04448
275 0.04416
276 0.04448
277 0.04416
278 0.04448
279 0.04416
280 0.04448
281 0.04416
282 0.04448
283 0.04416
284 0.04448
285 0.04416
286 0.04448
287 0.04416
288 0.04448
289 0.04416
290 0.04448
291 0.0416
292 0.0416
293 0.04448
294 0.04416
295 0.04448
296 0.04416
297 0.04448
298 0.04416
299 0.04448
300 0.04416
301 0.04448
302 0.04416
303 0.04448
304 0.04416
305 0.04448
306 0.04416
307 0.04448
308 0.04416
309 0.04448
310 0.04416
311 0.04704
312 0.04704
313 0.04416
314 0.04448
315 0.04416
316 0.04448
317 0.04416
318 0.04448
319 0.04416
320 0.04448
321 0.04416
322 0.04448
323 0.04416
324 0.04448
325 0.04416
326 0.04448
327 0.04416
328 0.04448
329 0.04416
330 0.04448
331 0.0416
332 0.0416
333 0.04448
334 0.04416
335 0.04448
336 0.04416
337 0.04448
338 0.04416
339 0.04448
340 0.04416
341 0.04448
342 0.04416
343 0.04448
344 0.04416
345 0.04448
346 0.04416
347 0.04448
348 0.04416
349 0.04448
350 0.04416
351 0.04704
352 0.04704
353 0.04416
354 0.04448
355 0.04416
356 0.04448
357 0.04416
358 0.04448
359 0.04416
360 0.04448
361 0.04416
362 0.04448
363 0.04416
364 0.04448
365 0.04416
366 0.04448
367 0.04416
368 0.04448
369 0.04416
370 0.04448
371 0.0416
372 0.0416
373 0.04448
374 0.04416
375 0.04448
376 0.04416
377 0.04448
378 0.04416
379 0.04448
380 0.04416
381 0.04448
382 0.04416
383 0.04448
384 0.04416
385 0.04448
386 0.04416
387 0.04448
388 0.04416
389 0.04448
390 0.04416
391 0.04704
392 0.04704
393 0.04416
394 0.04448
395 0.04416
396 0.04448
397 0.04416
398 0.04448
399 0.04416
400 0.04448
401 0.04416
402 0.04448
403 0.04416
404 0.04448
405 0.04416
406 0.04448
407 0.04416
408 0.04448
409 0.04416
410 0.04448
411 0.0416
412 0.0416
413 0.04448
414 0.04416
415 0.04448
416 0.04416
417 0.04448
418 0.04416
419 0.04448
420 0.04416
421 0.04448
422 0.04416
423 0.04448
424 0.04416
425 0.04448
426 0.04416
427 0.04448
428 0.04416
429 0.04448
430 0.04416
431 0.04704
432 0.04704
433 0.04416
434 0.04448
435 0.04416
436 0.04448
437 0.04416
438 0.04448
439 0.04416
440 0.04448
441 0.04416
442 0.04448
443 0.04416
444 0.04448
445 0.04416
446 0.04448
447 0.04416
448 0.04448
449 0.04416
450 0.04448
451 0.0416
452 0.0416
453 0.04448
454 0.04416
455 0.04448
456 0.04416
457 0.04448
458 0.04416
459 0.04448
460 0.04416
461 0.04448
462 0.04416
463 0.04448
464 0.04416
465 0.04448
466 0.04416
467 0.04448
468 0.04416
469 0.04448
470 0.04416
471 0.04704
472 0.04704
473 0.04416
474 0.04448
475 0.04416
476 0.04448
477 0.04416
478 0.04448
479 0.04416
480 0.04448
481 0.04416
482 0.04448
483 0.04416
484 0.04448
485 0.04416
486 0.04448
487 0.04416
488 0.04448
489 0.04416
490 0.04448
491 0.0416
492 0.0416
493 0.04448
494 0.04416
495 0.04448
496 0.04416
497 0.04448
498 0.04416
499 0.04448
500 0.04416
501 0.04448
502 0.04416
503 0.04448
504 0.04416
505 0.04448
506 0.04416
507 0.04448
508 0.04416
509 0.04448
510 0.04416
511 0.04704
512 0.04704
513 0.04416
514 0.04448
515 0.04416
516 0.04448
517 0.04416
518 0.04448
519 0.04416
520 0.04448
521 0.04416
522 0.04448
523 0.04416
524 0.04448
525 0.04416
526 0.04448
527 0.04416
528 0.04448
529 0.04416
530 0.04448
531 0.0416
532 0.0416
533 0.04448
534 0.04416
535 0.04448
536 0.04416
537 0.04448
538 0.04416
539 0.04448
540 0.04416
541 0.04448
542 0.04416
543 0.04448
544 0.04416
545 0.04448
546 0.04416
547 0.04448
548 0.04416
549 0.04448
550 0.04416
551 0.04704
552 0.04704
553 0.04416
554 0.04448
555 0.04416
556 0.04448
557 0.04416
558 0.04448
559 0.04416
560 0.04448
561 0.04416
562 0.04448
563 0.04416
564 0.04448
565 0.04416
566 0.04448
567 0.04416
568 0.04448
569 0.04416
570 0.04448
571 0.0416
572 0.0416
573 0.04448
574 0.04416
575 0.04448
576 0.04416
577 0.04448
578 0.04416
579 0.04448
580 0.04416
581 0.04448
582 0.04416
583 0.04448
584 0.04416
585 0.04448
586 0.04416
587 0.04448
588 0.04416
589 0.04448
590 0.04416
591 0.04704
592 0.04704
593 0.04416
594 0.04448
595 0.04416
596 0.04448
597 0.04416
598 0.04448
599 0.04416
600 0.04448
601 0.04416
602 0.04448
603 0.04416
604 0.04448
605 0.04416
606 0.04448
607 0.04416
608 0.04448
609 0.04416
610 0.04448
611 0.0416
612 0.0416
613 0.04448
614 0.04416
615 0.04448
616 0.04416
617 0.04448
618 0.04416
619 0.04448
620 0.04416
621 0.04448
622 0.04416
623 0.04448
624 0.04416
625 0.04448
626 0.04416
627 0.04448
628 0.04416
629 0.04448
630 0.04416
631 0.04704
632 0.04704
633 0.04416
634 0.04448
635 0.04416
636 0.04448
637 0.04416
638 0.04448
639 0.04416
640 0.04448
641 0.04416
642 0.04448
643 0.04416
644 0.04448
645 0.04416
646 0.04448
647 0.04416
648 0.04448
649 0.04416
650 0.04448
651 0.0416
652 0.0416
653 0.04448
654 0.04416
655 0.04448
656 0.04416
657 0.04448
658 0.04416
659 0.04448
660 0.04416
661 0.04448
662 0.04416
663 0.04448
664 0.04416
665 0.04448
666 0.04416
667 0.04448
668 0.04416
669 0.04448
670 0.04416
671 0.04704
672 0.04704
673 0.04416
674 0.04448
675 0.04416
676 0.04448
677 0.04416
678 0.04448
679 0.04416
680 0.04448
681 0.04416
682 0.04448
683 0.04416
684 0.04448
685 0.04416
686 0.04448
687 0.04416
688 0.04448
689 0.04416
690 0.04448
691 0.0416
692 0.0416
693 0.04448
694 0.04416
695 0.04448
696 0.04416
697 0.04448
698 0.04416
699 0.04448
700 0.04416
701 0.04448
702 0.04416
703 0.04448
704 0.04416
705 0.04448
706 0.04416
707 0.04448
708 0.04416
709 0.04448
710 0.04416
711 0.04704
712 0.04704
713 0.04416
714 0.04448
715 0.04416
716 0.04448
717 0.04416
718 0.04448
719 0.04416
720 0.04448
721 0.04416
722 0.04448
723 0.04416
724 0.04448
725 0.04416
726 0.04448
727 0.04416
728 0.04448
729 0.04416
730 0.04448
731 0.0416
732 0.0416
733 0.04448
734 0.04416
735 0.04448
736 0.04416
737 0.04448
738 0.04416
739 0.04448
740 0.04416
741 0.04448
742 0.04416
743 0.04448
744 0.04416
745 0.04448
746 0.04416
747 0.04448
748 0.04416
749 0.04448
750 0.04416
751 0.04704
752 0.04704
753 0.04416
754 0.04448
755 0.04416
756 0.04448
757 0.04416
758 0.04448
759 0.04416
760 0.04448
761 0.04416
762 0.04448
763 0.04416
764 0.04448
765 0.04416
766 0.04448
767 0.04416
768 0.04448
769 0.04416
770 0.04448
771 0.0416
772 0.0416
773 0.04448
774 0.04416
775 0.04448
776 0.04416
777 0.04448
778 0.04416
779 0.04448
780 0.04416
781 0.04448
782 0.04416
783 0.04448
784 0.04416
785 0.04448
786 0.04416
787 0.04448
788 0.04416
789 0.04448
790 0.04416
791 0.04704
792 0.04704
793 0.04416
794 0.04448
795 0.04416
796 0.04448
797 0.04416
798 0.04448
799 0.04416
800 0.04448
801 0.04416
802 0.04448
803 0.04416
804 0.04448
805 0.04416
806 0.04448
807 0.04416
808 0.04448
809 0.04416
810 0.04448
811 0.0416
812 0.0416
813 0.04448
814 0.04416
815 0.04448
816 0.04416
817 0.04448
818 0.04416
819 0.04448
820 0.04416
821 0.04448
822 0.04416
823 0.04448
824 0.04416
825 0.04448
826 0.04416
827 0.04448
828 0.04416
829 0.04448
830 0.04416
831 0.04704
832 0.04704
833 0.04416
834 0.04448
835 0.04416
836 0.04448
837 0.04416
838 0.04448
839 0.04416
840 0.04448
841 0.04416
842 0.04448
843 0.04416
844 0.04448
845 0.04416
846 0.04448
847 0.04416
848 0.04448
849 0.04416
850 0.04448
851 0.0416
852 0.0416
853 0.04448
854 0.04416
855 0.04448
856 0.04416
857 0.04448
858 0.04416
859 0.04448
860 0.04416
861 0.04448
862 0.04416
863 0.04448
864 0.04416
865 0.04448
866 0.04416
867 0.04448
868 0.04416
869 0.04448
870 0.04416
871 0.04704
872 0.04704
873 0.04416
874 0.04448
875 0.04416
876 0.04448
877 0.04416
878 0.04448
879 0.04416
880 0.04448
881 0.04416
882 0.04448
883 0.04416
884 0.04448
885 0.04416
886 0.04448
887 0.04416
888 0.04448
889 0.04416
890 0.04448
891 0.0416
892 0.0416
893 0.04448
894 0.04416
895 0.04448
896 0.04416
897 0.04448
898 0.04416
899 0.04448
900 0.04416
901 0.04448
902 0.04416
903 0.04448
904 0.04416
905 0.04448
906 0.04416
907 0.04448
908 0.04416
909 0.04448
910 0.04416
911 0.04704
912 0.04704
913 0.04416
914 0.04448
915 0.04416
916 0.04448
917 0.04416
918 0.04448
919 0.04416
920 0.04448
921 0.04416
922 0.04448
923 0.04416
924 0.04448
925 0.04416
926 0.04448
927 0.04416
928 0.04448
929 0.04416
930 0.04448
931 0.0416
932 0.0416
933 0.04448
934 0.04416
935 0.04448
936 0.04416
937 0.04448
938 0.04416
939 0.04448
940 0.04416
941 0.04448
942 0.04416
943 0.04448
944 0.04416
945 0.04448
946 0.04416
947 0.04448
948 0.04416
949 0.04448
950 0.04416
951 0.04704
952 0.04704
953 0.04416
954 0.04448
955 0.04416
956 0.04448
957 0.04416
958 0.04448
959 0.04416
960 0.04448
961 0.04416
962 0.04448
963 0.04416
964 0.04448
965 0.04416
966 0.04448
967 0.04416
968 0.04448
969 0.04416
970 0.04448
971 0.0416
972 0.0416
973 0.04448
974 0.04416
975 0.04448
976 0.04416
977 0.04448
978 0.04416
979 0.04448
980 0.04416
981 0.04448
982 0.04416
983 0.04448
984 0.04416
985 0.04448
986 0.04416
987 0.04448
988 0.04416
989 0.04448
990 0.04416
991 0.04704
992 0.04704
993 0.04416
994 0.04448
995 0.04416
996 0.04448
997 0.04416
998 0.04448
999 0.04416
1000 0.04448
1001 0.04416
1002 0.04448
1003 0.04416
1004 0.04448
1005 0.04416
1006 0.04448
1007 0.04416
1008 0.04448
1009 0.04416
1010 0.04448
1011 0.0416
1012 0.0416
1013 0.04448
1014 0.04416
1015 0.04448
1016 0.04416
1017 0.04448
1018 0.04416
1019 0.04448
1020 0.04416
1021 0.04448
1022 0.04416
1023 0.04448
1024 0.04416
1025 0.04448
1026 0.04416
1027 0.04448
1028 0.04416
1029 0.04448
1030 0.04416
1031 0.04704
1032 0.04704
1033 0.04416
1034 0.04448
1035 0.04416
1036 0.04448
1037 0.04416
1038 0.04448
1039 0.04416
1040 0.04448
1041 0.04416
1042 0.04448
1043 0.04416
1044 0.04448
1045 0.04416
1046 0.04448
1047 0.04416
1048 0.04448
1049 0.04416
1050 0.04448
1051 0.0416
1052 0.0416
1053 0.04448
1054 0.04416
1055 0.04448
1056 0.04416
1057 0.04448
1058 0.04416
1059 0.04448
1060 0.04416
1061 0.04448
1062 0.04416
1063 0.04448
1064 0.04416
1065 0.04448
1066 0.04416
1067 0.04448
1068 0.04416
1069 0.04448
1070 0.04416
1071 0.04704
1072 0.04704
1073 0.04416
1074 0.04448
1075 0.04416
1076 0.04448
1077 0.04416
1078 0.04448
1079 0.04416
1080 0.04448
1081 0.04416
1082 0.04448
1083 0.04416
1084 0.04448
1085 0.04416
1086 0.04448
1087 0.04416
1088 0.04448
1089 0.04416
1090 0.04448
1091 0.0416
1092 0.0416
1093 0.04448
1094 0.04416
1095 0.04448
1096 0.04416
1097 0.04448
1098 0.04416
1099 0.04448
1100 0.04416
1101 0.04448
1102 0.04416
1103 0.04448
1104 0.04416
1105 0.04448
1106 0.04416
1107 0.04448
1108 0.04416
1109 0.04448
1110 0.04416
1111 0.04704
1112 0.04704
1113 0.04416
1114 0.04448
1115 0.04416
1116 0.04448
1117 0.04416
1118 0.04448
1119 0.04416
1120 0.04448
1121 0.04416
1122 0.04448
1123 0.04416
1124 0.04448
1125 0.04416
1126 0.04448
1127 0.04416
1128 0.04448
1129 0.04416
1130 0.04448
1131 0.0416
1132 0.0416
1133 0.04448
1134 0.04416
1135 0.04448
1136 0.04416
1137 0.04448
1138 0.04416
1139 0.04448
1140 0.04416
1141 0.04448
1142 0.04416
1143 0.04448
1144 0.04416
1145 0.04448
1146 0.04416
1147 0.04448
1148 0.04416
1149 0.04448
1150 0.04416
1151 0.04704
1152 0.04704
1153 0.04416
1154 0.04448
1155 0.04416
1156 0.04448
1157 0.04416
1158 0.04448
1159 0.04416
1160 0.04448
1161 0.04416
1162 0.04448
1163 0.04416
1164 0.04448
1165 0.04416
1166 0.04448
1167 0.04416
1168 0.04448
1169 0.04416
1170 0.04448
1171 0.0416
1172 0.0416
1173 0.04448
1174 0.04416
1175 0.04448
1176 0.04416
1177 0.04448
1178 0.04416
1179 0.04448
1180 0.04416
1181 0.04448
1182 0.04416
1183 0.04448
1184 0.04416
1185 0.04448
1186 0.04416
1187 0.04448
1188 0.04416
1189 0.04448
1190 0.04416
1191 0.04704
1192 0.04704
1193 0.04416
1194 0.04448
1195 0.04416
1196 0.04448
1197 0.04416
1198 0.04448
1199 0.04416
1200 0.04448
1201 0.04416
1202 0.04448
1203 0.04416
1204 0.04448
1205 0.04416
1206 0.04448
1207 0.04416
1208 0.04448
1209 0.04416
1210 0.04448
1211 0.0416
1212 0.0416
1213 0.04448
1214 0.04416
1215 0.04448
1216 0.04416
1217 0.04448
1218 0.04416
1219 0.04448
1220 0.04416
1221 0.04448
1222 0.04416
1223 0.04448
1224 0.04416
1225 0.04448
1226 0.04416
1227 0.04448
1228 0.04416
1229 0.04448
1230 0.04416
1231 0.04704
1232 0.04704
1233 0.04416
1234 0.04448
1235 0.04416
1236 0.04448
1237 0.04416
1238 0.04448
1239 0.04416
1240 0.04448
1241 0.04416
1242 0.04448
1243 0.04416
1244 0.04448
1245 0.04416
1246 0.04448
1247 0.04416
1248 0.04448
1249 0.04416
1250 0.04448
1251 0.0416
1252 0.0416
1253 0.04448
1254 0.04416
1255 0.04448
1256 0.04416
1257 0.04448
1258 0.04416
1259 0.04448
1260 0.04416
1261 0.04448
1262 0.04416
1263 0.04448
1264 0.04416
1265 0.04448
1266 0.04416
1267 0.04448
1268 0.04416
1269 0.04448
1270 0.04416
1271 0.04704
1272 0.04704
1273 0.04416
1274 0.04448
1275 0.04416
1276 0.04448
1277 0.04416
1278 0.04448
1279 0.04416
1280 0.04448
1281 0.04416
1282 0.04448
1283 0.04416
1284 0.04448
1285 0.04416
1286 0.04448
1287 0.04416
1288 0.04448
1289 0.04416
1290 0.04448
1291 0.0416
1292 0.0416
1293 0.04448
1294 0.04416
1295 0.04448
1296 0.04416
1297 0.04448
1298 0.04416
1299 0.04448
1300 0.04416
1301 0.04448
1302 0.04416
1303 0.04448
1304 0.04416
1305 0.04448
1306 0.04416
1307 0.04448
1308 0.04416
1309 0.04448
1310 0.04416
1311 0.04704
1312 0.04704
1313 0.04416
1314 0.04448
1315 0.04416
1316 0.04448
1317 0.04416
1318 0.04448
1319 0.04416
1320 0.04448
1321 0.04416
1322 0.04448
1323 0.04416
1324 0.04448
1325 0.04416
1326 0.04448
1327 0.04416
1328 0.04448
1329 0.04416
1330 0.04448
1331 0.0416
1332 0.0416
1333 0.04448
1334 0.04416
1335 0.04448
1336 0.04416
1337 0.04448
1338 0.04416
1339 0.04448
1340 0.04416
1341 0.04448
1342 0.04416
1343 0.04448
1344 0.04416
1345 0.04448
1346 0.04416
1347 0.04448
1348 0.04416
1349 0.04448
1350 0.04416
1351 0.04704
1352 0.04704
1353 0.04416
1354 0.04448
1355 0.04416
1356 0.04448
1357 0.04416
1358 0.04448
1359 0.04416
1360 0.04448
1361 0.04416
1362 0.04448
1363 0.04416
1364 0.04448
1365 0.04416
1366 0.04448
1367 0.04416
1368 0.04448
1369 0.04416
1370 0.04448
1371 0.0416
1372 0.0416
1373 0.04448
1374 0.04416
1375 0.04448
1376 0.04416
1377 0.04448
1378 0.04416
1379 0.04448
1380 0.04416
1381 0.04448
1382 0.04416
1383 0.04448
1384 0.04416
1385 0.04448
1386 0.04416
1387 0.04448
1388 0.04416
1389 0.04448
1390 0.04416
1391 0.04704
1392 0.04704
1393 0.04416
1394 0.04448
1395 0.04416
1396 0.04448
1397 0.04416
1398 0.04448
1399 0.04416
1400 0.04448
1401 0.04416
1402 0.04448
1403 0.04416
1404 0.04448
1405 0.04416
1406 0.04448
1407 0.04416
1408 0.04448
1409 0.04416
1410 0.04448
1411 0.0416
1412 0.0416
1413 0.04448
1414 0.04416
1415 0.04448
1416 0.04416
1417 0.04448
1418 0.04416
1419 0.04448
1420 0.04416
1421 0.04448
1422 0.04416
1423 0.04448
1424 0.04416
1425 0.04448
1426 0.04416
1427 0.04448
1428 0.04416
1429 0.04448
1430 0.04416
1431 0.04704
1432 0.04704
1433 0.04416
1434 0.04448
1435 0.04416
1436 0.04448
1437 0.04416
1438 0.04448
1439 0.04416
1440 0.04448
1441 0.04416
1442 0.04448
1443 0.04416
1444 0.04448
1445 0.04416
1446 0.04448
1447 0.04416
1448 0.04448
1449 0.04416
1450 0.04448
1451 0.0416
1452 0.0416
1453 0.04448
1454 0.04416
1455 0.04448
1456 0.04416
1457 0.04448
1458 0.04416
1459 0.04448
1460 0.04416
1461 0.04448
1462 0.04416
1463 0.04448
1464 0.04416
1465 0.04448
1466 0.04416
1467 0.04448
1468 0.04416
1469 0.04448
1470 0.04416
1471 0.04704
1472 0.04704
1473 0.04416
1474 0.04448
1475 0.04416
1476 0.04448
1477 0.04416
1478 0.04448
1479 0.04416
1480 0.04448
1481 0.04416
1482 0.04448
1483 0.04416
1484 0.04448
1485 0.04416
1486 0.04448
1487 0.04416
1488 0.04448
1489 0.04416
1490 0.04448
1491 0.0416
1492 0.0416
1493 0.04448
1494 0.04416
1495 0.04448
1496 0.04416
1497 0.04448
1498 0.04416
1499 0.04448
1500 0.04416
1501 0.04448
1502 0.04416
1503 0.04448
1504 0.04416
1505 0.04448
1506 0.04416
1507 0.04448
1508 0.04416
1509 0.04448
1510 0.04416
1511 0.04704
1512 0.04704
1513 0.04416
1514 0.04448
1515 0.04416
1516 0.04448
1517 0.04416
1518 0.04448
1519 0.04416
1520 0.04448
1521 0.04416
1522 0.04448
1523 0.04416
1524 0.04448
1525 0.04416
1526 0.04448
1527 0.04416
1528 0.04448
1529 0.04416
1530 0.04448
1531 0.0416
1532 0.0416
1533 0.04448
1534 0.04416
1535 0.04448
1536 0.04416
1537 0.04448
1538 0.04416
1539 0.04448
1540 0.04416
1541 0.04448
1542 0.04416
1543 0.04448
1544 0.04416
1545 0.04448
1546 0.04416
1547 0.04448
1548 0.04416
1549 0.04448
1550 0.04416
1551 0.04704
1552 0.04704
1553 0.04416
1554 0.04448
1555 0.04416
1556 0.04448
1557 0.04416
1558 0.04448
1559 0.04416
1560 0.04448
1561 0.04416
1562 0.04448
1563 0.04416
1564 0.04448
1565 0.04416
1566 0.04448
1567 0.04416
1568 0.04448
1569 0.04416
1570 0.04448
1571 0.0416
1572 0.0416
1573 0.04448
1574 0.04416
1575 0.04448
1576 0.04416
1577 0.04448
1578 0.04416
1579 0.04448
1580 0.04416
1581 0.04448
1582 0.04416
1583 0.04448
1584 0.04416
1585 0.04448
1586 0.04416
1587 0.04448
1588 0.04416
1589 0.04448
1590 0.04416
1591 0.04704
1592 0.04704
1593 0.04416
1594 0.04448
1595 0.04416
1596 0.04448
1597 0.04416
1598 0.04448
1599 0.04416
1600 0.04448
1601 0.04416
1602 0.04448
1603 0.04416
1604 0.04448
1605 0.04416
1606 0.04448
1607 0.04416
1608 0.04448
1609 0.04416
1610 0.04448
1611 0.0416
1612 0.0416
1613 0.04448
1614 0.04416
1615 0.04448
1616 0.04416
1617 0.04448
1618 0.04416
1619 0.04448
1620 0.04416
1621 0.04448
1622 0.04416
1623 0.04448
1624 0.04416
1625 0.04448
1626 0.04416
1627 0.04448
1628 0.04416
1629 0.04448
1630 0.04416
1631 0.04704
1632 0.04704
1633 0.04416
1634 0.04448
1635 0.04416
1636 0.04448
1637 0.04416
1638 0.04448
1639 0.04416
1640 0.04448
1641 0.04416
1642 0.04448
1643 0.04416
1644 0.04448
1645 0.04416
1646 0.04448
1647 0.04416
1648 0.04448
1649 0.04416
1650 0.04448
1651 0.0416
1652 0.0416
1653 0.04448
1654 0.04416
1655 0.04448
1656 0.04416
1657 0.04448
1658 0.04416
1659 0.04448
1660 0.04416
1661 0.04448
1662 0.04416
1663 0.04448
1664 0.04416
1665 0.04448
1666 0.04416
1667 0.04448
1668 0.04416
1669 0.04448
1670 0.04416
1671 0.04704
1672 0.04704
1673 0.04416
1674 0.04448
1675 0.04416
1676 0.04448
1677 0.04416
1678 0.04448
1679 0.04416
1680 0.04448
1681 0.04416
1682 0.04448
1683 0.04416
1684 0.04448
1685 0.04416
1686 0.04448
1687 0.04416
1688 0.04448
1689 0.04416
1690 0.04448
1691 0.0416
1692 0.0416
1693 0.04448
1694 0.04416
1695 0.04448
1696 0.04416
1697 0.04448
1698 0.04416
1699 0.04448
1700 0.04416
1701 0.04448
1702 0.04416
1703 0.04448
1704 0.04416
1705 0.04448
1706 0.04416
1707 0.04448
1708 0.04416
1709 0.04448
1710 0.04416
1711 0.04704
1712 0.04704
1713 0.04416
1714 0.04448
1715 0.04416
1716 0.04448
1717 0.04416
1718 0.04448
1719 0.04416
1720 0.04448
1721 0.04416
1722 0.04448
1723 0.04416
1724 0.04448
1725 0.04416
1726 0.04448
1727 0.04416
1728 0.04448
1729 0.04416
1730 0.04448
1731 0.0416
1732 0.0416
1733 0.04448
1734 0.04416
1735 0.04448
1736 0.04416
1737 0.04448
1738 0.04416
1739 0.04448
1740 0.04416
1741 0.04448
1742 0.04416
1743 0.04448
1744 0.04416
1745 0.04448
1746 0.04416
1747 0.04448
1748 0.04416
1749 0.04448
1750 0.04416
1751 0.04704
1752 0.04704
1753 0.04416
1754 0.04448
1755 0.04416
1756 0.04448
1757 0.04416
1758 0.04448
1759 0.04416
1760 0.04448
1761 0.04416
1762 0.04448
1763 0.04416
1764 0.04448
1765 0.04416
1766 0.04448
1767 0.04416
1768 0.04448
1769 0.04416
1770 0.04448
1771 0.0416
1772 0.0416
1773 0.04448
1774 0.04416
1775 0.04448
1776 0.04416
1777 0.04448
1778 0.04416
1779 0.04448
1780 0.04416
1781 0.04448
1782 0.04416
1783 0.04448
1784 0.04416
1785 0.04448
1786 0.04416
1787 0.04448
1788 0.04416
1789 0.04448
1790 0.04416
1791 0.04704
1792 0.04704
1793 0.04416
1794 0.04448
1795 0.04416
1796 0.04448
1797 0.04416
1798 0.04448
1799 0.04416
1800 0.04448
1801 0.04416
1802 0.04448
1803 0.04416
1804 0.04448
1805 0.04416
1806 0.04448
1807 0.04416
1808 0.04448
1809 0.04416
1810 0.04448
1811 0.0416
1812 0.0416
1813 0.04448
1814 0.04416
1815 0.04448
1816 0.04416
1817 0.04448
1818 0.04416
1819 0.04448
1820 0.04416
1821 0.04448
1822 0.04416
1823 0.04448
1824 0.04416
1825 0.04448
1826 0.04416
1827 0.04448
1828 0.04416
1829 0.04448
1830 0.04416
1831 0.04704
1832 0.04704
1833 0.04416
1834 0.04448
1835 0.04416
1836 0.04448
1837 0.04416
1838 0.04448
1839 0.04416
1840 0.04448
1841 0.04416
1842 0.04448
1843 0.0416
1844 0.04032
1845 0.04032
1846 0.04032
1847 0.04032
1848 0.04032
1849 0.04032
1850 0.04032
1851 0.04032
1852 0.04032
1853 0.04032
